5614654
5621171
5621542
5622623
5624331
5627231
5630799
5631535
5632926
5638654
5641444
5642249
5647731
5661096
5662940
5677321
5677334
5677348
5677357
5677379
5677388
5677399
5677415
5677421
5677430
5677449
5677457
5677465
5677474
5677480
5677488
5677499
5677506
5677514
5677524
5677539
5677546
5677550
5677564
5677567
5677605
5677793
5677796
5677801
5677808
5677813
5677822
5677826
5677876
5678011
5678017
5678021
5678024
5678025
5678030
5678032
5678038
5678039
5678041
5678044
5678047
5678049
5678050
5678051
5678052
5678053
5678055
5678056
5678058
5678059
5678062
5678063
5678066
5678067
5678069
5678071
5678072
5678075
5678086
5678088
5678091
5678092
5678095
5678096
5678101
5678645
5678660
5678685
5679071
5679287
5679305
5679343
5679351
5679357
5679362
5679367
5679370
5679377
5679383
5679390
5679395
5679396
5679397
5679398
5679399
5679400
5679513
5679522
5679527
5679535
5679608
5679624
5679625
5679637
5679645
5679651
5679663
5679680
5679718
5679777
5679997
5680004
5680012
5680017
5680036
5680073
5680231
5680237
5680246
5680264
5680343
5680360
5680365
5680376
5680386
5680403
5680412
5680418
5680427
5680434
5680435
5680622
5680838
5680857
5680871
5680982
5681246
5681255
5681261
5681295
5681308
5681322
5681330
5681337
5681348
5681352
5681365
5681479
5681806
5681830
5681844
5682043
5682707
5682718
5682726
5682738
5682750
5682761
5682771
5682774
5682782
5682785
5682792
5682797
5683210
5683214
5683225
5683234
5683239
5683342
5683348
5683359
5683366
5683370
5683374
5683379
5683383
5683386
5683421
5683444
5683815
5683826
5683832
5683838
5683873
5684102
5684106
5684112
5684115
5684120
5684132
5684155
5684179
5684480
5684539
5684549
5684553
5684565
5684572
5684574
5684577
5684586
5684593
5685412
5686091
5686298
5686322
5686332
5686340
5686348
5686352
5686358
5686363
5686374
5686378
5686383
5686387
5686390
5686401
5686409
5686735
5686744
5686756
5686766
5686771
5686775
5686788
5687230
5687255
5687282
5687305
5687799
5687819
5687831
5687860
5687893
5687906
5687918
5687952
5688115
5688344
5688554
5689710
5689741
5689747
5689771
5689775
5689790
5689795
5689800
5689803
5689875
5689920
5689934
5689938
5690218
5690272
5690317
5690933
5691079
5692876
5693240
5693248
5693257
5693264
5693533
5694083
5694091
5694114
5694128
5694135
5694155
5694220
5694275
5694302
5694777
5694995
5695057
5695300
5695335
5695423
5695425
5695478
5696545
5696593
5696603
5696612
5696617
5696626
5696741
5696851
5696864
5696866
5696869
5696878
5696916
5697078
5697122
5697148
5697367
5697653
5697661
5697668
5697685
5697925
5698240
5699403
5699765
5700088
5700489
5701496
5701796
5701809
5701831
5702149
5703121
5703738
5704449
5704476
5704506
5704539
5704727
5705572
5705935
5706283
5706290
5706708
5706941
5707861
5707876
5707892
5708022
5708299
5708310
5708363
5708626
5708664
5708761
5710044
5710285
5710526
5710631
5710685
5711787
5711815
5711822
5711833
5711838
5711845
5711858
5711868
5711872
5711888
5711894
5711904
5712196
5712516
5712520
5712720
5712732
5713207
5713605
5713812
5713823
5713831
5714170
5714189
5714195
5714200
5714225
5714228
5714234
5714355
5714361
5714612
5714712
5715074
5715123
5715129
5715792
5716201
5716269
5716523
5716532
5716537
5716539
5716882
5716908
5717224
5717233
5717241
5717252
5717268
5717271
5718169
5720134
5720554
5720570
5720577
5720586
5720613
5720697
5721808
5722207
5722215
5722220
5722259
5722271
5722426
5722625
5722930
5723206
5723211
5724449
5724525
5724950
5724968
5725287
5725308
5725357
5725368
5725596
5725646
5725679
5726147
5726159
5726720
5727013
5727332
5727380
5727438
5727828
5728075
5728135
5728344
5728365
5728372
5728798
5728803
5729121
5729135
5729381
5729747
5729764
5729768
5729777
5729787
5729797
5729838
5729963
5729967
5730315
5730330
5730656
5730663
5730667
5730673
5730678
5730816
5730823
5730837
5730891
5731035
5731322
5731341
5731986
5731987
5732058
5732214
5732219
5732229
5732387
5732436
5732484
5732500
5732536
5732692
5732919
5732920
5732923
5732930
5732939
5732944
5732947
5732960
5732967
5733134
5733667
5733976
5734008
5734091
5734103
5734418
5734571
5734695
5734766
5734768
5734932
5735313
5735318
5735415
5735499
5735624
5735628
5735634
5735639
5735685
5736352
5737038
5737063
5737069
5737074
5737081
5737089
5737091
5737750
5737752
5737815
5737884
5737945
5738114
5738164
5738168
5738440
5738790
5738793
5738820
5738825
5739146
5739153
5739171
5739177
5739189
5740487
5740498
5740684
5740714
5740825
5740979
5740982
5740986
5741455
5741617
5741623
5741630
5741637
5741644
5741905
5741913
5742149
5742300
5742350
5742416
5742871
5743173
5743243
5743321
5743554
5743560
5744143
5744234
5744375
5744387
5744643
5744770
5744781
5744787
5745564
5745724
5745810
5745851
5746398
5746690
5746693
5746717
5746820
5746825
5746831
5747062
5747063
5747074
5747200
5747335
5747534
5747579
5747638
5748305
5748349
5748827
5749028
5749186
5749392
5749394
5749397
5749422
5749437
5749451
5749470
5749709
5749711
5749721
5749723
5749742
5749746
5749755
5750305
5750306
5750308
5750310
5750392
5750486
5750971
5751166
5751208
5751215
5751249
5751624
5751645
5751815
5751839
5751844
5752048
5752711
5752712
5752921
5753876
5754274
5754304
5754493
5754502
5754505
5754508
5754509
5754632
5754695
5754701
5754818
5754820
5755738
5755959
5756140
5756467
5756682
5757129
5757132
5757336
5757353
5757541
5757581
5757587
5757598
5757611
5757637
5757645
5757648
5757651
5757654
5757741
5757764
5757884
5757941
5757994
5758017
5758030
5758049
5758058
5758071
5758130
5758175
5758194
5758258
5758290
5758292
5758365
5758433
5758725
5758740
5758930
5758932
5758975
5758998
5759233
5759239
5759278
5759420
5759737
5759818
5760567
5760687
5760727
5760780
5760783
5760805
5760841
5760904
5761068
5761167
5761475
5761636
5761712
5762238
5763574
5763588
5763591
5763599
5763657
5763721
5763885
5763892
5764059
5764075
5764213
5764404
5764414
5764516
5764687
5765028
5765765
5765776
5766007
5766030
5766386
5766399
5766718
5766747
5766762
5766782
5766788
5766917
5767006
5767201
5767674
5767935
5767939
5768089
5768129
5768367
5768408
5768624
5768699
5768824
5768985
5769043
5769378
5769384
5769391
5769778
5770201
5770249
5770258
5770267
5770275
5770291
5770317
5770653
5770986
5771212
5771317
5771696
5772857
5772904
5772922
5772928
5772967
5772977
5772995
5773017
5773020
5773270
5773278
5773294
5773299
5773311
5773328
5773452
5773483
5773511
5774126
5774154
5774254
5774405
5774435
5774595
5777418
5777488
5777496
5777504
5777513
5777673
5777676
5777685
5777692
5777694
5777706
5777816
5778348
5778355
5778585
5778716
5778825
5778842
5779147
5779153
5779178
5779231
5779235
5779258
5779518
5779886
5780011
5780101
5780108
5780232
5780236
5780246
5780261
5780289
5780346
5780358
5780658
5780695
5780817
5781049
5781417
5781735
5781745
5781918
5782023
5782028
5782043
5782169
5782548
5782787
5783025
5783288
5783925
5784800
5785110
5785564
5785769
5786033
5786676
5786774
5786835
5786895
5786901
5787009
5787243
5787254
5787893
5788362
5788367
5788685
5788709
5788714
5788718
5788722
5788881
5789100
5789410
5789424
5789493
5789509
5789515
5789589
5789874
5789975
5790153
5790518
5790556
5790571
5790697
5790700
5790793
5790805
5790822
5790856
5791169
5791892
5792215
5792452
5792465
5792545
5792669
5792692
5792931
5792980
5793045
5793074
5793312
5793360
5793367
5793553
5793570
5793645
5794014
5794505
5794754
5794760
5794853
5794866
5795261
5795269
5795478
5795487
5795517
5795928
5796050
5796110
5796303
5796393
5797268
5797634
5797724
5798029
5798105
5798505
5798530
5798765
5798816
5799014
5799019
5799044
5799280
5799482
5799904
5799905
5800673
5801395
5801896
5801899
5802197
5802250
5802283
5802571
5802604
5802632
5802656
5802715
5802796
5802828
5802843
5802967
5803909
5804119
5804246
5804339
5804563
5804782
5804812
5804986
5805010
5805328
5805422
5805592
5805611
5805624
5805644
5805884
5805982
5806001
5806620
5807141
5807203
5807572
5807636
5808094
5808184
5808379
5808393
5808441
5808574
5808614
5808664
5809131
5809134
5809152
5809215
5809223
5809252
5809441
5809469
5809855
5810038
5810065
5810072
5810080
5810086
5810095
5811089
5811106
5811113
5811144
5811178
5811190
5811196
5811204
5811224
5811358
5811755
5812028
5812034
5812406
5812436
5812461
5812611
5812815
5812945
5812995
5813003
5813087
5813353
5813370
5813552
5813565
5814249
5814935
5815101
5815201
5815207
5815213
5815512
5815538
5815820
5815905
5815970
5816145
5816164
5816224
5816297
5816328
5816555
5817298
5817451
5817947
5817952
5818468
5818864
5819010
5819369
5819818
5821038
5821148
5821219
5821244
5821280
5821286
5821387
5821399
5821405
5821408
5821413
5821480
5821486
5821499
5821504
5821603
5821612
5821630
5821648
5821660
5822080
5822093
5822100
5822104
5822112
5822318
5822326
5822333
5822336
5822339
5822344
5823017
5823055
5823075
5823108
5823137
5823678
5823763
5824207
5824984
5825016
5825046
5825059
5825845
5826090
5826239
5826523
5826526
5827511
5828625
5829242
5830170
5830359
5830703
5831189
5831372
5832496
5832539
5832583
5832633
5832643
5832806
5833274
5833994
5834002
5834012
5834018
5834251
5834267
5834280
5834287
5834294
5834303
5834308
5834316
5834318
5834357
5834622
5835351
5835495
5835725
5835827
5835869
5836006
5836043
5836106
5836256
5836296
5836346
5836581
5836587
5837274
5838041
5838458
5838515
5838519
5839112
5839186
5839269
5839342
5839711
5839730
5839751
5839935
5840091
5840101
5840109
5840118
5840132
5840399
5840418
5840530
5841719
5841752
5841804
5842417
5842546
5842550
5842986
5843404
5843417
5843440
5843730
5843801
5843854
5843866
5843882
5843888
5843918
5843942
5844173
5844323
5844494
5844506
5844523
5844541
5844547
5844923
5844927
5845669
5845744
5846600
5846796
5846919
5847273
5847340
5847411
5847460
5847475
5847616
5847651
5847972
5848247
5849505
5850205
5850276
5850902
5852755
5853285
5853501
5853515
5854017
5854256
5854275
5854298
5854848
5856110
5856884
5856893
5857338
5857741
5857848
5857854
5857873
5857885
5858304
5858324
5858329
5858333
5858343
5858369
5858380
5858393
5858406
5858413
5858429
5858443
5858693
5859260
5859418
5859451
5860062
5860090
5860218
5860227
5860514
5860517
5860682
5861119
5861160
5861617
5861622
5861628
5861640
5861659
5861696
5862129
5862325
5862328
5862597
5862625
5862647
5863080
5863832
5863903
5864254
5864664
5864816
5864999
5865143
5865148
5865172
5865606
5865607
5865662
5866456
5866873
5866877
5866932
5866938
5867126
5867150
5867429
5867443
5867867
5867941
5868219
5868757
5868801
5868858
5869879
5870082
5870371
5870534
5870543
5870696
5871030
5871038
5871174
5871221
5871273
5871287
5871318
5871325
5871332
5871334
5871602
5871733
5871808
5872487
5872864
5872871
5872927
5873348
5873512
5873520
5873637
5873789
5873832
5874589
5874630
5874877
5874883
5874888
5874897
5874908
5875308
5876509
5876519
5877510
5877514
5877557
5877882
5877970
5878202
5878683
5878761
5878777
5879326
5879887
5880247
5880658
5881599
5882686
5882690
5882695
5882705
5882708
5882719
5882749
5883201
5883501
5883588
5883591
5883927
5884472
5885119
5885281
5885313
5885573
5885643
5885899
5885924
5885945
5886105
5886651
5887052
5887274
5888135
5888304
5888816
5888822
5888840
5888845
5888901
5888937
5888951
5889398
5889411
5889424
5889451
5889509
5889643
5890616
5890999
5891076
5891286
5891376
5891396
5891501
5891519
5891569
5891598
5892031
5892244
5892510
5892603
5892606
5892615
5892660
5892791
5892919
5893330
5893341
5893354
5893364
5893375
5893402
5893467
5893661
5893674
5893682
5893685
5893693
5893713
5894074
5894469
5894491
5894833
5895044
5895108
5895534
5895743
5895764
5896018
5896025
5896188
5896590
5896719
5897130
5897133
5897164
5897166
5897249
5897825
5898575
5898986
5899095
5899139
5899146
5899150
5899156
5899166
5899171
5899175
5899303
5899956
5900157
5900350
5900361
5900365
5900370
5900374
5900501
5900578
5900684
5900911
5901146
5901157
5901161
5901173
5901349
5901554
5901598
5901733
5901931
5902064
5902076
5902084
5902139
5902144
5902176
5902187
5902198
5902204
5902211
5902226
5902238
5902506
5902512
5902518
5902957
5903134
5903508
5903537
5903672
5903752
5903797
5903835
5903899
5903936
5903997
5904093
5904495
5904785
5904804
5904902
5904985
5904987
5905051
5905235
5905339
5906067
5906142
5906356
5906677
5906895
5906949
5907109
5907132
5907243
5907276
5907456
5907488
5907495
5907497
5907503
5907511
5907518
5907574
5907883
5907990
5907995
5908004
5908028
5908567
5908702
5908930
5908936
5909070
5909257
5909478
5909552
5909561
5909643
5909661
5909664
5909805
5909833
5910302
5910326
5910502
5911273
5911372
5911469
5911485
5911572
5911714
5911801
5911811
5912006
5912014
5912034
5912044
5912114
5912154
5912224
5912232
5912239
5912462
5912469
5912474
5912489
5912627
5912678
5913136
5913172
5914201
5914309
5914395
5914593
5914967
5914995
5915553
5915812
5916083
5916106
5916309
5916499
5916748
5916752
5916990
5917009
5917219
5917224
5917477
5917650
5917652
5917658
5917660
5917668
5917682
5917706
5917898
5918071
5918077
5918080
5918248
5918360
5918365
5918371
5918378
5918387
5918392
5918400
5918406
5918411
5918576
5918584
5918988
5919015
5919368
5919504
5919514
5919517
5919518
5919808
5920131
5920140
5920186
5920229
5920304
5920458
5920966
5921187
5921206
5921800
5922183
5922230
5922354
5922486
5922716
5922819
5922943
5923113
5923223
5923604
5923868
5924152
5924235
5924373
5924726
5924729
5924884
5925087
5925093
5925494
5925535
5925541
5925542
5925558
5925596
5925599
5925628
5925887
5925891
5926253
5926542
5926767
5927079
5927183
5927192
5927198
5927356
5927443
5927454
5927484
5927616
5927623
5927674
5927861
5927888
5928103
5928362
5928426
5928582
5928964
5929256
5929520
5929527
5929652
5929657
5930128
5930335
5930338
5930343
5930348
5930655
5930753
5931007
5931582
5931594
5931614
5931620
5931623
5932369
5932406
5932421
5932424
5932430
5932438
5932448
5932612
5932691
5932910
5933057
5933501
5933659
5933711
5933826
5934831
5935323
5935333
5935445
5935458
5935468
5935473
5935480
5935793
5936289
5936400
5936404
5936728
5936992
5937187
5937189
5937816
5937844
5937857
5937865
5938043
5938082
5938205
5938257
5938264
5938269
5938272
5938528
5938783
5939269
5939875
5940004
5940093
5940393
5940404
5941084
5941102
5941520
5941525
5941543
5941970
5942286
5942311
5942318
5942322
5942326
5942329
5943198
5943382
5943392
5943601
5943623
5943638
5943708
5944479
5944747
5945082
5945085
5945088
5945094
5945106
5945252
5945257
5945294
5945423
5945431
5945445
5945860
5945867
5945874
5945880
5945932
5945967
5946056
5946137
5946294
5946313
5946316
5946331
5946835
5947154
5947210
5947262
5947322
5947326
5947346
5947445
5947681
5947722
5947806
5947810
5947829
5947833
5947839
5947854
5947855
5948117
5948286
5948292
5948374
5948653
5948656
5948690
5948778
5948939
5948944
5948948
5948949
5948962
5949279
5949345
5949447
5949453
5949548
5949676
5949908
5949910
5949978
5949984
5950126
5950208
5950232
5950264
5950690
5950740
5951217
5951337
5951377
5951572
5951577
5951611
5951739
5952005
5952045
5952489
5952501
5952550
5952553
5952555
5952559
5952561
5952564
5952567
5952568
5952584
5952585
5952588
5952590
5952700
5952862
5952868
5953172
5953929
5954030
5954608
5954622
5954906
5955044
5955078
5955226
5955547
5955548
5956074
5956076
5956080
5956084
5956092
5956099
5956105
5956508
5956512
5956517
5956544
5956552
5956585
5956999
5957350
5957437
5958965
5959497
5959574
5959586
5959594
5959601
5959603
5959620
5959625
5959627
5959628
5959629
5959630
5959636
5959640
5959642
5959643
5959646
5959652
5960116
5961089
5961093
5961111
5961328
5961450
5962279
5962301
5962314
5962349
5962369
5962370
5962378
5962380
5962389
5962442
5962445
5962449
5962452
5962460
5962475
5962486
5962488
5962491
5962500
5962864
5962971
5963177
5963823
5964272
5964453
5964577
5964667
5964736
5964830
5965220
5965331
5965449
5965453
5965669
5965675
5965679
5965687
5965701
5966131
5966279
5966377
5966763
5966797
5966824
5967083
5967096
5967102
5967119
5967518
5967893
5967951
5968031
5968111
5968133
5968289
5968422
5968423
5968430
5968668
5968712
5968949
5969163
5969292
5969987
5970428
5970501
5970579
5970849
5971750
5971991
5972137
5972385
5972400
5972412
5972418
5972430
5972438
5972503
5972923
5973282
5973424
5973438
5973696
5973730
5973744
5974093
5974159
5974678
5974896
5974995
5975332
5975372
5975686
5975841
5976408
5976418
5976423
5976434
5976442
5976466
5976476
5976483
5976492
5976519
5976529
5976550
5976558
5976744
5977476
5977649
5977835
5977886
5978057
5978089
5978403
5978682
5978689
5978995
5979086
5979096
5979104
5979112
5979123
5979145
5979184
5979728
5979841
5979975
5979987
5981212
5982202
5982935
5983070
5983091
5983101
5983123
5983138
5983151
5983169
5983174
5983188
5983259
5983298
5983625
5983923
5983950
5983956
5984101
5984739
5984784
5985057
5985065
5985101
5985108
5985142
5985237
5985239
5985242
5985510
5985550
5985557
5985908
5985915
5985990
5986486
5986603
5986937
5987331
5987468
5987617
5987903
5988068
5988102
5988221
5988308
5988440
5988753
5988754
5988988
5989024
5989076
5989106
5989313
5989664
5989714
5990295
5991054
5991059
5991475
5991755
5993220
5993262
5993299
5993332
5993372
5993568
5993583
5993595
5993637
5993646
5993731
5993911
5994398
5994939
5995062
5995089
5995120
5995322
5995771
5996634
5997084
5998214
5998238
5998277
5998435
5999508
5999745
5999793
6000008
6000121
6000267
6000276
6000540
6000753
6001939
6002058
6002296
6003046
6003054
6003537
6003539
6003540
6003742
6003994
6004000
6004014
6004028
6004068
6004319
6004423
6004505
6005043
6005048
6005096
6005153
6005188
6005369
6005384
6005433
6006126
6006240
6006649
6006654
6006657
6007033
6007146
6007244
6007617
6007618
6007626
6007630
6007715
6008833
6009364
6009712
6010458
6010521
6011300
6011545
6011807
6011831
6011949
6011951
6011952
6012196
6012518
6012676
6012972
6015461
6016573
6016605
6016690
6016874
6016907
6016920
6016950
6016953
6016963
6017277
6017297
6017338
6017507
6017551
6017860
6017875
6017952
6018025
6018131
6018159
6018172
6018238
6018246
6018256
6018286
6018320
6018382
6018398
6018409
6018801
6018880
6018888
6019113
6019541
6019542
6019688
6019705
6019748
6019775
6019913
6019937
6020321
6020329
6021615
6021626
6021737
6021896
6023692
6024047
6024311
6024323
6024748
6025105
6025697
6026001
6026585
6026790
6026871
6027448
6027450
6027478
6027559
6027579
6027585
6027602
6027686
6027698
6027802
6027814
6028487
6028494
6028497
6028511
6028525
6028834
6028839
6028914
6029063
6029536
6029686
6029912
6029925
6030274
6030492
6030707
6030840
6030853
6030985
6031242
6031251
6031269
6031280
6031895
6031928
6031983
6032006
6032044
6032051
6032859
6033217
6033446
6033700
6033703
6033885
6034123
6034342
6034356
6034384
6035415
6035727
6035753
6036588
6036738
6036744
6036745
6036783
6036789
6036794
6036810
6037038
6037092
6037139
6037660
6037691
6037723
6038065
6038874
6038875
6038883
6039829
6039873
6040569
6040576
6040617
6040774
6040895
6041184
6041204
6041227
6041422
6041426
6041447
6041818
6042363
6042528
6042651
6043203
6043205
6043255
6043329
6044005
6044009
6044055
6044062
6044081
6044119
6044128
6044132
6044139
6044142
6044315
6044322
6044360
6044663
6044677
6044933
6044941
6044945
6044950
6044973
6045328
6046107
6046254
6046288
6046981
6046987
6046993
6047002
6047112
6047150
6047161
6047202
6047279
6048198
6048359
6048367
6048371
6048379
6048387
6048400
6048415
6048418
6048448
6048454
6049423
6050060
6050358
6050424
6050433
6050857
6050863
6051054
6051288
6051357
6051370
6051382
6051389
6051610
6052141
6052157
6052741
6052966
6052974
6052982
6053008
6053733
6053743
6053748
6053812
6054030
6054233
6054237
6054701
6054792
6054922
6054930
6054938
6055732
6056136
6056771
6057062
6057586
6057604
6057640
6057671
6057678
6057686
6057899
6057990
6058297
6058365
6058624
6059020
6059986
6060003
6060525
6060550
6060566
6060848
6060876
6061498
6061511
6061755
6061877
6061882
6062375
6062380
6063161
6064022
6064028
6064034
6064039
6064245
6064904
6064909
6064918
6064927
6065289
6065414
6065943
6065955
6065981
6065988
6066060
6066197
6066209
6066595
6067030
6067101
6067364
6067467
6067660
6067714
6067994
6068081
6068119
6068282
6068298
6068370
6068466
6068470
6068715
6069220
6069314
6069545
6070056
6070077
6070261
6070262
6070337
6070359
6070963
6070994
6071050
6071689
6071883
6072121
6072125
6072256
6072277
6072342
6072345
6072365
6072432
6072458
6072877
6073230
6073240
6073316
6073360
6074340
6074347
6074521
6074523
6074649
6075102
6075406
6075408
6075508
6075546
6075873
6075877
6075882
6075958
6076068
6076077
6076135
6076160
6076168
6076304
6076442
6076638
6076666
6076678
6076689
6076696
6076707
6076719
6076754
6076759
6076900
6076906
6076919
6077247
6077300
6077335
6077589
6077771
6077778
6078127
6078452
6078469
6078495
6078832
6079036
6079039
6079298
6079302
6079366
6079738
6079751
6079768
6079842
6079946
6079951
6080006
6080438
6080595
6080597
6080600
6080646
6080648
6080692
6080697
6080893
6081425
6081443
6081449
6081670
6081691
6081751
6082403
6082886
6082924
6082995
6083015
6083193
6083224
6083475
6083511
6083518
6083527
6083958
6083972
6083989
6084067
6084086
6084691
6084695
6084701
6084737
6084738
6084741
6084743
6084744
6084766
6084906
6084981
6085586
6085983
6086011
6086594
6086619
6086912
6086919
6086994
6087015
6087069
6087099
6087514
6087517
6087522
6087759
6087774
6088227
6088268
6088503
6088514
6088519
6088531
6088542
6089371
6089733
6090242
6090964
6091413
6091417
6091424
6091449
6091459
6091475
6091485
6091525
6091593
6091675
6091835
6091970
6092014
6092023
6092063
6092104
6092122
6092140
6092186
6092247
6092249
6092530
6092534
6092535
6092537
6092539
6092545
6092596
6092607
6092611
6092728
6092739
6093313
6093322
6093461
6093770
6094122
6094147
6094264
6094272
6094478
6094484
6094509
6094653
6094658
6094951
6095331
6095337
6095343
6095355
6095361
6095369
6095378
6095417
6095433
6095501
6095854
6095869
6095877
6096091
6096303
6096454
6097087
6097140
6097223
6097459
6097464
6097508
6097613
6097653
6098106
6099175
6099187
6099213
6099233
6099239
6099242
6099261
6099428
6099452
6099569
6099586
6099880
6099946
6099983
6100229
6100244
6100271
6100417
6100423
6100479
6100490
6100500
6100554
6100568
6100746
6100793
6100811
6100829
6100851
6100868
6100947
6101976
6102020
6102219
6102223
6102239
6102263
6102272
6102280
6102303
6102305
6102316
6102387
6102659
6102885
6103077
6103096
6103790
6104102
6104252
6104256
6104310
6104778
6105018
6105030
6105046
6105249
6105258
6105259
6105263
6105268
6105269
6105274
6105276
6105279
6105285
6105292
6106858
6107305
6107599
6108183
6108207
6108218
6108364
6108397
6108510
6108553
6108574
6108582
6108609
6108618
6108621
6109256
6109266
6109575
6109615
6109635
6109722
6109923
6109937
6109993
6110024
6110054
6110195
6110951
6111140
6111142
6111143
6111144
6111146
6111147
6111410
6111728
6111740
6111747
6111774
6111785
6111803
6112428
6112686
6113658
6113911
6113925
6113973
6113987
6114017
6114426
6114427
6114433
6114435
6114830
6116057
6116142
6116143
6116523
6116554
6116672
6116674
6116680
6116724
6116766
6117178
6117183
6117278
6117417
6117486
6117564
6117570
6117684
6117967
6117994
6118004
6118124
6118327
6118470
6118577
6118583
6118930
6119208
6119446
6119465
6119483
6119528
6120458
6120479
6120525
6120844
6121071
6121836
6121926
6121929
6121983
6122061
6122062
6122063
6122064
6122463
6122467
6122508
6122887
6122938
6122944
6122952
6122956
6122959
6122961
6122963
6123104
6123241
6123271
6123279
6123286
6123581
6123741
6123777
6123790
6124012
6124017
6124419
6124598
6124610
6125016
6125019
6125023
6125044
6125284
6125290
6125306
6125385
6125494
6125708
6125984
6125996
6126004
6126010
6126038
6126094
6126289
6126483
6126947
6126953
6128056
6128064
6128239
6128471
6128651
6128698
6128857
6128885
6128895
6129171
6129172
6129191
6129661
6129671
6129740
6129928
6130268
6130552
6130564
6130574
6130606
6130676
6131078
6131110
6131114
6131504
6131551
6131581
6131746
6131755
6131839
6132060
6132076
6132189
6132198
6132331
6132348
6132356
6132676
6132777
6133354
6133838
6134273
6134855
6135323
6135334
6135383
6135435
6135654
6135662
6135666
6135677
6135682
6135693
6135927
6136447
6136943
6137747
6137781
6137794
6137843
6137844
6137861
6138127
6138320
6138519
6138746
6139180
6139233
6139236
6139243
6139251
6139431
6140335
6142356
6142358
6142364
6142381
6142387
6142396
6143913
6144194
6144208
6144932
6144974
6144979
6144999
6145006
6145226
6146073
6146428
6146584
6146619
6147741
6147874
6147885
6147889
6147914
6147954
6147960
6148029
6148060
6148367
6148485
6148494
6149111
6149148
6149164
6149351
6149399
6150123
6150509
6150517
6150748
6151561
6151708
6151815
6151828
6151833
6151835
6151846
6151871
6151881
6151947
6151952
6151963
6151985
6152105
6152349
6152982
6153245
6153521
6153728
6154301
6154361
6154654
6155202
6155978
6156802
6157003
6157109
6157145
6157415
6157421
6157425
6158039
6158042
6158194
6158378
6158381
6158382
6158383
6158384
6158385
6158386
6158387
6159345
6159347
6159352
6159767
6159770
6159773
6159775
6159778
6159784
6159791
6159839
6162785
6162906
6162916
6163231
6163451
6163543
6163556
6163605
6163608
6163615
6163630
6164054
6164189
6164193
6164206
6164213
6164340
6164377
6164710
6164755
6164770
6164933
6164969
6165326
6165481
6165870
6165997
6166154
6166350
6166525
6166546
6166635
6166812
6166862
6166893
6166898
6167235
6167286
6167534
6167541
6167790
6168041
6168414
6168767
6168808
6169304
6169667
6169727
6169734
6169755
6169761
6169822
6170130
6170138
6170143
6170257
6170534
6170554
6170565
6170580
6171478
6171626
6172494
6172857
6173137
6173246
6173293
6173324
6173491
6174001
6174065
6174131
6174422
6175034
6175551
6176150
6176245
6176553
6176686
6176698
6176705
6176715
6176729
6176735
6176851
6176856
6177069
6177117
6177146
6177181
6177330
6177375
6177423
6178067
6178405
6178962
6179088
6179708
6179930
6179962
6180001
6180078
6180621
6180728
6182231
6182272
6182301
6182316
6182529
6182701
6183409
6183417
6183779
6184302
6184396
6184400
6184724
6185355
6185413
6185756
6185761
6185986
6186118
6186138
6186298
6186376
6186396
6186562
6186571
6186575
6186749
6186750
6186754
6186793
6186798
6187070
6188010
6188197
6188228
6188287
6188433
6188485
6188512
6188547
6188645
6188755
6188815
6188820
6188822
6188828
6188833
6188844
6189026
6189036
6189044
6189795
6189822
6190055
6190229
6190638
6190803
6190995
6191095
6191100
6191114
6191119
6191122
6191271
6191320
6191463
6191884
6192243
6192506
6193609
6193813
6193939
6194008
6194370
6194399
6194615
6194867
6195291
6196157
6196370
6196537
6196546
6197005
6197016
6197023
6197028
6197213
6197233
6197248
6197254
6197258
6197265
6197416
6197477
6197597
6197717
6198114
6198893
6199227
6199526
6199596
6200026
6200034
6200110
6200133
6200168
6200173
6200179
6200269
6200358
6200962
6201741
6202327
6202336
6202351
6202353
6202364
6202367
6202370
6202378
6202518
6202558
6202987
6203084
6203096
6203118
6203127
6203156
6203212
6203350
6204673
6204714
6204819
6204846
6204863
6204879
6204883
6204888
6204895
6204964
6205283
6205307
6205313
6205337
6205351
6205358
6205380
6205416
6205430
6205613
6206280
6206485
6206943
6206944
6206951
6207176
6207200
6207622
6207629
6207631
6207634
6207654
6207683
6207687
6207690
6207693
6207696
6207794
6207801
6207809
6207825
6207832
6207864
6207878
6207887
6207941
6207945
6208566
6209237
6209241
6209314
6210221
6210804
6210810
6211167
6211600
6212302
6212906
6212908
6213242
6213244
6213247
6213254
6213255
6213257
6213258
6213262
6213268
6213272
6213483
6214048
6214050
6215024
6215862
6215867
6215927
6215930
6216440
6216444
6216450
6216460
6216799
6216924
6217312
6218245
6218383
6218785
6218790
6218792
6218796
6218799
6218876
6218880
6218888
6218996
6219388
6219491
6219567
6219833
6219853
6220311
6220547
6220968
6221038
6221044
6221215
6221279
6221280
6221281
6221282
6221699
6221708
6221716
6221718
6221721
6221723
6221727
6221728
6221737
6221743
6221744
6221932
6222415
6222425
6222480
6223146
6223212
6223729
6223731
6223744
6223757
6223846
6223856
6223994
6224590
6224596
6224600
6225212
6225235
6225237
6225814
6225833
6225837
6225843
6225849
6225855
6225863
6225894
6226013
6226016
6226132
6226139
6226140
6226301
6226305
6226500
6226501
6226532
6226563
6226581
6226642
6226773
6226910
6227282
6227284
6227486
6227562
6227569
6227949
6227960
6228261
6228264
6228265
6228680
6228687
6228709
6228717
6228758
6228759
6228805
6228885
6229249
6229254
6229364
6229387
6229613
6230129
6230236
6230621
6230679
6230732
6230739
6230809
6230876
6230924
6230938
6230941
6230948
6230952
6230953
6230956
6231621
6231623
6231628
6231647
6231684
6231839
6232344
6232384
6232591
6233028
6233113
6233119
6233134
6233157
6233561
6233563
6233566
6233567
6233715
6234001
6234801
6234804
6234936
6235066
6235388
6235394
6235546
6235663
6235703
6235705
6235763
6235859
6235863
6235876
6236557
6236569
6236573
6236589
6236937
6237429
6237445
6237557
6238127
6238197
6238302
6238328
6238346
6238475
6238553
6238783
6238929
6238939
6238950
6238956
6238961
6238969
6238982
6239086
6239813
6239867
6240161
6240173
6240212
6240238
6240420
6240426
6240592
6241142
6241234
6241240
6241246
6241248
6241254
6241264
6241270
6241275
6241279
6241286
6241290
6241382
6241877
6241918
6241944
6241947
6241990
6242514
6242661
6242701
6242720
6242729
6242857
6242864
6242871
6242873
6242878
6242883
6242934
6243064
6243067
6243082
6243190
6243280
6243839
6244173
6244794
6244799
6245296
6245297
6245300
6245444
6245647
6245649
6245869
6247376
6247747
6247818
6247825
6248626
6248631
6248772
6248787
6248791
6248794
6248800
6249151
6249152
6249153
6249156
6249199
6249229
6249267
6249277
6249308
6249922
6250161
6250732
6250735
6250737
6251595
6251599
6251713
6251734
6251743
6251747
6251855
6251880
6251897
6251911
6251919
6251926
6252018
6252241
6252917
6252928
6252942
6253649
6253672
6253687
6253856
6253907
6254489
6254497
6254504
6254509
6254793
6254801
6254808
6254818
6254819
6255250
6255255
6255304
6255501
6256009
6256189
6256782
6256785
6256793
6256796
6256870
6257044
6257135
6257137
6257143
6257154
6257727
6257731
6257908
6258405
6258407
6258411
6258473
6258557
6258581
6259101
6259108
6259139
6259140
6259278
6259902
6259907
6259910
6259912
6259918
6259922
6259925
6259933
6259934
6259945
6259952
6260064
6260145
6260157
6260161
6260363
6260599
6261050
6261204
6261232
6261236
6261284
6261304
6261365
6261367
6261446
6261459
6261475
6261618
6261984
6262220
6262230
6262664
6262691
6262742
6262749
6263106
6263349
6263390
6263405
6263439
6263536
6263691
6263702
6263716
6263938
6263955
6264585
6264587
6264664
6264682
6264684
6264691
6264706
6264730
6264748
6264774
6264851
6264860
6264866
6264928
6264939
6264951
6265870
6265956
6265957
6265960
6265962
6265963
6265965
6265987
6266173
6266771
6266904
6267016
6267066
6267084
6267091
6268192
6268196
6268202
6268205
6268214
6268407
6268579
6269255
6269278
6269289
6269293
6269306
6269413
6269457
6269609
6269652
6269878
6269908
6269937
6270481
6270485
6270513
6270518
6270534
6270539
6270548
6270555
6270574
6270581
6270797
6271728
6271823
6272262
6272300
6272923
6272963
6272984
6273109
6273114
6273143
6273161
6273187
6273193
6273200
6273211
6273213
6273216
6273217
6273288
6273293
6273354
6273501
6273520
6273526
6273592
6273602
6273693
6273933
6273945
6273947
6274854
6274877
6275066
6275180
6275580
6275742
6275760
6275859
6275962
6276362
6276387
6277091
6277108
6277111
6277336
6277362
6277365
6277369
6277526
6277540
6278404
6278424
6278640
6278650
6278651
6278652
6278741
6278906
6278968
6278997
6279224
6279483
6279514
6279538
6279568
6279598
6279605
6279830
6279910
6280103
6280156
6280480
6280676
6281008
6281010
6281119
6281308
6281734
6281829
6282141
6282267
6282276
6282302
6282303
6282304
6282321
6282450
6284061
6284247
6284622
6284729
6285416
6285522
6285790
6286110
6286121
6286133
6286140
6286153
6286171
6286180
6286191
6286196
6286343
6287414
6287450
6287454
6287480
6287489
6287490
6287495
6287503
6287509
6287514
6287516
6287540
6287591
6287602
6287645
6287654
6288410
6288428
6288449
6288475
6288587
6288682
6288688
6288695
6288721
6288736
6288756
6288855
6288869
6288881
6288945
6288997
6289228
6289934
6290005
6290008
6290165
6290359
6290372
6290405
6290407
6290408
6290534
6290657
6290949
6291023
6291073
6291099
6291108
6291127
6291241
6291282
6291289
6291302
6291400
6291409
6291979
6292387
6292415
6292630
6292734
6292738
6293101
6293184
6293384
6293422
6293505
6293509
6293545
6293619
6293803
6294408
6294417
6294523
6294689
6294738
6294779
6294844
6294846
6294865
6294904
6295212
6295295
6295757
6296542
6296573
6296575
6296619
6298117
6298119
6298121
6298180
6298662
6298664
6298705
6298707
6298710
6298812
6299581
6299985
6300058
6300089
6300429
6300613
6300623
6300703
6300995
6301006
6301014
6301021
6301030
6301226
6301608
6301731
6301775
6302116
6302215
6302278
6302334
6302338
6302340
6302350
6302352
6302493
6302561
6302794
6302798
6302802
6302815
6302843
6302877
6302983
6302987
6303014
6303190
6304165
6304804
6304807
6304940
6304949
6304951
6304960
6305410
6305746
6306297
6307018
6307088
6307433
6307603
6307886
6308096
6308676
6308857
6309133
6309485
6309875
6310128
6310428
6311196
6311204
6311215
6311373
6311478
6311691
6311703
6311806
6311827
6311976
6312112
6312125
6312294
6312745
6312754
6312858
6313133
6313239
6313492
6313560
6313563
6313602
6313617
6313731
6313734
6313776
6313785
6313786
6313790
6313818
6313872
6314531
6314572
6314595
6314608
6314683
6315028
6315096
6315229
6315459
6315497
6315539
6315577
6315589
6315800
6315809
6315842
6315857
6316006
6316027
6316364
6316374
6316462
6317040
6317145
6317194
6317229
6317248
6317302
6317344
6317432
6317517
6317549
6317556
6317585
6317802
6317848
6318244
6319049
6319476
6320056
6320193
6320196
6320199
6320207
6320340
6320364
6320421
6320485
6320519
6320651
6320745
6321795
6322043
6322304
6322756
6322794
6322858
6322863
6322874
6323076
6323104
6323154
6323327
6323341
6323512
6323762
6323780
6323914
6323932
6323946
6324297
6324317
6324488
6325371
6325693
6325972
6325983
6326097
6326123
6326266
6326948
6326950
6326960
6326968
6326994
6327005
6327353
6327609
6327622
6327656
6327813
6328098
6329549
6329749
6330005
6330012
6330024
6330036
6330046
6330493
6330494
6330657
6331198
6331225
6331300
6331371
6331892
6332322
6332637
6332726
6333093
6333181
6333191
6333212
6333344
6333348
6333405
6333625
6333861
6333862
6333897
6334209
6334215
6334220
6334250
6334310
6334465
6334689
6334825
6334833
6335074
6335185
6335391
6335998
6336207
6336284
6336773
6336776
6337086
6337133
6337240
6337245
6337378
6337757
6337758
6338650
6338828
6339505
6339591
6339593
6340497
6340506
6340620
6340873
6340874
6340878
6341128
6341573
6342021
6342028
6342677
6342681
6342683
6342686
6343121
6343483
6343791
6343793
6343794
6343799
6343808
6343827
6343854
6343856
6343859
6343986
6344285
6344341
6344747
6344752
6344761
6344888
6345893
6346085
6346089
6346117
6346127
6346305
6346307
6346403
6346479
6347063
6347080
6347161
6347164
6347172
6347175
6347346
6347349
6347359
6347553
6347785
6347978
6348532
6348537
6348553
6348573
6348995
6349531
6349771
6349775
6350169
6350170
6350323
6350332
6350343
6350636
6350641
6350655
6350702
6350712
6351132
6351136
6351139
6351550
6351554
6351566
6351577
6351716
6352343
6352352
6352355
6352360
6352452
6352865
6352879
6353125
6353131
6353135
6353282
6353676
6353708
6353750
6353869
6354154
6354384
6354466
6354809
6355491
6355760
6356080
6356089
6356412
6356463
6356696
6356736
6356752
6356768
6356846
6356934
6357035
6357038
6357122
6357139
6357174
6357423
6357806
6357813
6357993
6358379
6358526
6359042
6359115
6359692
6359814
6359815
6359818
6360210
6360214
6360218
6360226
6360400
6360627
6360663
6360669
6361502
6361506
6361590
6361708
6361867
6361869
6361870
6362006
6362059
6362810
6362845
6362848
6363047
6363050
6363083
6363666
6364241
6364360
6364368
6364371
6364372
6364378
6364379
6364481
6365463
6365607
6365629
6365646
6365647
6365649
6365704
6365705
6366324
6366513
6366674
6366677
6366684
6366686
6367046
6367047
6367389
6367399
6367428
6367783
6367788
6367792
6368621
6368628
6368631
6368634
6368638
6368652
6368659
6368665
6368681
6368693
6369110
6369115
6369943
6369954
6370516
6370804
6371176
6371179
6371180
6371193
6371267
6371618
6371779
6372308
6372316
6372625
6372653
6372889
6372893
6373149
6373195
6373316
6373319
6373320
6373321
6373322
6373324
6373326
6373327
6373329
6373330
6373338
6373508
6373511
6373512
6373513
6373515
6373523
6373612
6373625
6373740
6374392
6374425
6374696
6374702
6374707
6374709
6374711
6374713
6375396
6375398
6375399
6375702
6375828
6375948
6376086
6376314
6376318
6376481
6376483
6376502
6376533
6377437
6377956
6378442
6378455
6378461
6378471
6378475
6378490
6378540
6378655
6378664
6378898
6379395
6379750
6379881
6379885
6379886
6379889
6380350
6380356
6380362
6380413
6380461
6380582
6380616
6380620
6380621
6380625
6380634
6380736
6380771
6380814
6380860
6381097
6381399
6381401
6381404
6381426
6381437
6381708
6382193
6382195
6382196
6382197
6382199
6382207
6382211
6382218
6382252
6382279
6382648
6382885
6382901
6383099
6383160
6383163
6383172
6383177
6383189
6383592
6383594
6383595
6383598
6383600
6384595
6385420
6385528
6385544
6385635
6385636
6385848
6386155
6386164
6386567
6387205
6387439
6387521
6387618
6387821
6387827
6387857
6388110
6388123
6388130
6388133
6388136
6388137
6388151
6388155
6388157
6388188
6388264
6388327
6388519
6389699
6389701
6389728
6389751
6390720
6390724
6390737
6390821
6390825
6390826
6390835
6390843
6390921
6390944
6390996
6391142
6391152
6391205
6391313
6391613
6391627
6391634
6391651
6391792
6391968
6391977
6392169
6392180
6392710
6393067
6393396
6393401
6393644
6393678
6393681
6393800
6393807
6393808
6394026
6394266
6394389
6394404
6395449
6395975
6396767
6396770
6397582
6397595
6397758
6397777
6398011
6398017
6398033
6398059
6398068
6398170
6398254
6398382
6398548
6398756
6399166
6399239
6399241
6399433
6399528
6399550
6399645
6400154
6400157
6400397
6400529
6400533
6400674
6400692
6400785
6401192
6401265
6401501
6401615
6401618
6401627
6402355
6402357
6402364
6402367
6402372
6402376
6402382
6402385
6402574
6402822
6403111
6403486
6403512
6403521
6403962
6403987
6404340
6404351
6404354
6404357
6404359
6404928
6404938
6405010
6405014
6405023
6405029
6405304
6405978
6405985
6405987
6405990
6405998
6406027
6406136
6407311
6407314
6407316
6407723
6407868
6408079
6408488
6408642
6408653
6408667
6408858
6408874
6408886
6408893
6409034
6409068
6409079
6409087
6409102
6409114
6409118
6409207
6409362
6409373
6409412
6409432
6409445
6409647
6409749
6409866
6409884
6410057
6410061
6410069
6410527
6410813
6410820
6410837
6410843
6411317
6411399
6411416
6411488
6411711
6412092
6412094
6412139
6412153
6412240
6412245
6412286
6412407
6412682
6412697
6412703
6412719
6412736
6412955
6413399
6413402
6413558
6413566
6413608
6414091
6414328
6414459
6414593
6414601
6414811
6415301
6415364
6415417
6415448
6415462
6415467
6415473
6415492
6415501
6416156
6416160
6416162
6416164
6416165
6416170
6416172
6416178
6416807
6416887
6417479
6417551
6417703
6417709
6417722
6417730
6417740
6417742
6417752
6417765
6417775
6417854
6417935
6418056
6418127
6418170
6418291
6418353
6418369
6418550
6418703
6418807
6418880
6420061
6420260
6420359
6420413
6420566
6420575
6420740
6420744
6420775
6421349
6421350
6421373
6421375
6421378
6421391
6421430
6421432
6421751
6422051
6422056
6422058
6422061
6422494
6422713
6423166
6423193
6423899
6423905
6423906
6423913
6423915
6423939
6424150
6424252
6424410
6424447
6424510
6425384
6425390
6425391
6425393
6425394
6425568
6425573
6425880
6425893
6427544
6427547
6427551
6427769
6428735
6428803
6429669
6430077
6430488
6430712
6430906
6431096
6431300
6431436
6432065
6432095
6432188
6432326
6432333
6432572
6433045
6433049
6433087
6433348
6433367
6434253
6434265
6434271
6434277
6434282
6434327
6434846
6434968
6435259
6435502
6435503
6435506
6436413
6436987
6436993
6436998
6437004
6437624
6438318
6438327
6438331
6438334
6438343
6438345
6438384
6438615
6438767
6438942
6439066
6439141
6439341
6439453
6440302
6440304
6440306
6440309
6440316
6440330
6441169
6441192
6441810
6441813
6441817
6441818
6441821
6441842
6442048
6442104
6442351
6442359
6442550
6442613
6442666
6442684
6442699
6442913
6442940
6443149
6443350
6443354
6443359
6443368
6443407
6443901
6443906
6443911
6444023
6444148
6444834
6444840
6444853
6445072
6445289
6445661
6446233
6446240
6446303
6446417
6446472
6447029
6447879
6447880
6448159
6448313
6448320
6448601
6448755
6449277
6449280
6449289
6449298
6449394
6449549
6449580
6449598
6449844
6449860
6449997
6450011
6451761
6452444
6452447
6452448
6452451
6452466
6452471
6452878
6452891
6452893
6452925
6453106
6453172
6453221
6453779
6453806
6454334
6455122
6455174
6455180
6455210
6455481
6455699
6455734
6456254
6456258
6456260
6456393
6457315
6457925
6457941
6457974
6458096
6458147
6458281
6458293
6459164
6459170
6459183
6459186
6459190
6459201
6459211
6459219
6459241
6459273
6459329
6459409
6459430
6459549
6459913
6459960
6460646
6460698
6460976
6462715
6463436
6463579
6463651
6464738
6465079
6466353
6466407
6467277
6467285
6467290
6467302
6467578
6467881
6468131
6468414
6468473
6468524
6468900
6469086
6469088
6469092
6469093
6469101
6469332
6469524
6469938
6469982
6470042
6470125
6470830
6471456
6471528
6471625
6471681
6471687
6472544
6472759
6472762
6472943
6472987
6472992
6473273
6473385
6473771
6473791
6474110
6474202
6474408
6474409
6474410
6474417
6474524
6474531
6475270
6475512
6475600
6475701
6475824
6476044
6476048
6476065
6476095
6476338
6476359
6476402
6476999
6477100
6477105
6477371
6477407
6477421
6478257
6478922
6478949
6479442
6479447
6479453
6479467
6479477
6479482
6479728
6479743
6479750
6479772
6479773
6479788
6480181
6480297
6480317
6480382
6480388
6480393
6480410
6480988
6481118
6481255
6481630
6481670
6482231
6482337
6482398
6482451
6482849
6482854
6482906
6482953
6483122
6483537
6483542
6483647
6485194
6485238
6485302
6485664
6485965
6486002
6486008
6486012
6486078
6486080
6486088
6486093
6486127
6486622
6486782
6486792
6488345
6488353
6488431
6489113
6489350
6489365
6489368
6489372
6489443
6489455
6489460
6489468
6489474
6489604
6489694
6489708
6489718
6489787
6489888
6489908
6490396
6490413
6491217
6491493
6491777
6492645
6492834
6493152
6493153
6493154
6493161
6493164
6493169
6493181
6493554
6493555
6494043
6494051
6494074
6494805
6495579
6495659
6495859
6496048
6496193
6496290
6496295
6496302
6496383
6496593
6496681
6496799
6496897
6497323
6497366
6497661
6498296
6498589
6498942
6498962
6499442
6499548
6499554
6499555
6499562
6499623
6499692
6499699
6499714
6499775
6499777
6499790
6499820
6499830
6500016
6500114
6502594
6502602
6503563
6503574
6503750
6503764
6503768
6504856
6504891
6504928
6504976
6505034
6505168
6505203
6505226
6505473
6505620
6505743
6505876
6505880
6505883
6505885
6505890
6506009
6506432
6506434
6506455
6506553
6506761
6507018
6507067
6507215
6508005
6508010
6508078
6508462
6508713
6508758
6509000
6509328
6509333
6509335
6509347
6509372
6509539
6509602
6509976
6510220
6510510
6511148
6511749
6512401
6512404
6512419
6512439
6512593
6513440
6513449
6513727
6514869
6514884
6515356
6515372
6515376
6515380
6515724
6515827
6515835
6515910
6516064
6516087
6516229
6516283
6516286
6516789
6517857
6517947
6518081
6518118
6518359
6518613
6518622
6518630
6518634
6518643
6518659
6518708
6518714
6518738
6518874
6518932
6519408
6519412
6520035
6520684
6520686
6520845
6521473
6521477
6521483
6521817
6521825
6521830
6521846
6521935
6522043
6522111
6522455
6523267
6524754
6524773
6524788
6525007
6525013
6525297
6525309
6525341
6525511
6526258
6526356
6527078
6527290
6527300
6527307
6527344
6527859
6528212
6528221
6528231
6528235
6528241
6528245
6528268
6528429
6528441
6528708
6528898
6528903
6529005
6529085
6529107
6530547
6530730
6530750
6530966
6531225
6531232
6531247
6531269
6531349
6531438
6531444
6532061
6532371
6533470
6533516
6533878
6534067
6534075
6534089
6534098
6534104
6534724
6534728
6534739
6534765
6535039
6535207
6535559
6536229
6537112
6537133
6537782
6537948
6538673
6538907
6539658
6539787
6539832
6539904
6539972
6539983
6540128
6540630
6540731
6540738
6540745
6540751
6540776
6540841
6540886
6542114
6542177
6542277
6542382
6542388
6542456
6542460
6542463
6542695
6542909
6543055
6544634
6544640
6544720
6544953
6544963
6545144
6545368
6545394
6545472
6545540
6545637
6545670
6546269
6546366
6546963
6547637
6547664
6547765
6547969
6548140
6548945
6549594
6549857
6550043
6550044
6550179
6550236
6550244
6550280
6551615
6551745
6551897
6552087
6552164
6552174
6552287
6552288
6552299
6552349
6553734
6554034
6554251
6554260
6554552
6554616
6554621
6554649
6554832
6554909
6554918
6554963
6554974
6555039
6555763
6556055
6556553
6556557
6556560
6556673
6556855
6557396
6557401
6557512
6557729
6557732
6557738
6557742
6557748
6557963
6558034
6558192
6558958
6558987
6559548
6559941
6559944
6559948
6559951
6559956
6559958
6559967
6559985
6560037
6560060
6560163
6560194
6560197
6560204
6560245
6560355
6560373
6560485
6560902
6561210
6561216
6561322
6561629
6562210
6562251
6562697
6562698
6563269
6563273
6563341
6563349
6563354
6563831
6563922
6563967
6564379
6564384
6564530
6564695
6564837
6564881
6565072
6565409
6565412
6565455
6565480
6565901
6566042
6566527
6566726
6567010
6567071
6567075
6567083
6567087
6567316
6567387
6567474
6567490
6567651
6567680
6567686
6567693
6567932
6568691
6568707
6568794
6569434
6569452
6569785
6569807
6569942
6569946
6569995
6570103
6570106
6570288
6570466
6570886
6570942
6571380
6571886
6571893
6571915
6571916
6572207
6572373
6572724
6572738
6572762
6572772
6572780
6572855
6572861
6572874
6572885
6572889
6573148
6574154
6574168
6574189
6574205
6574529
6574889
6574909
6574938
6575005
6575013
6575161
6575169
6575284
6575361
6575458
6575822
6575926
6576263
6576271
6576309
6576474
6576920
6577415
6577428
6577554
6577616
6577650
6577670
6577697
6577765
6577842
6577847
6577987
6578032
6578047
6578087
6578189
6578191
6578194
6578197
6578440
6578446
6578661
6578667
6578675
6578676
6578679
6578958
6579395
6579583
6579669
6579805
6580222
6580575
6580699
6580865
6580954
6580968
6581133
6581284
6581445
6581905
6582406
6582416
6582419
6582586
6582674
6582778
6583525
6583532
6583548
6583689
6583710
6583728
6583885
6583968
6584270
6584494
6584727
6584769
6585380
6585552
6585806
6585812
6586151
6586327
6586330
6586333
6586336
6586388
6586530
6586533
6586571
6586593
6586604
6586618
6586736
6587430
6587478
6587594
6587615
6588504
6588510
6588670
6588852
6588853
6588888
6588909
6588912
6588915
6589166
6589351
6589644
6589815
6589821
6589824
6589827
6590084
6590382
6590397
6590556
6590570
6590635
6591331
6591332
6591334
6591338
6591345
6591370
6591373
6591778
6591779
6591839
6592369
6592425
6592572
6592589
6592675
6592812
6592855
6593140
6594840
6595267
6595296
6595532
6595603
6595612
6595848
6595851
6596251
6596327
6596344
6596419
6596776
6596790
6596797
6596800
6598092
6598626
6598890
6598913
6599203
6599207
6599260
6599298
6599563
6599663
6599668
6599671
6599688
6599707
6599710
6599714
6599909
6600165
6600876
6601509
6601692
6601981
6602083
6602503
6602516
6602520
6602525
6603121
6603132
6603136
6603199
6604015
6604465
6605021
6605419
6606066
6606077
6606087
6606107
6606354
6606360
6606775
6606781
6606783
6606788
6606799
6606803
6606826
6607323
6607336
6607360
6607419
6607841
6608243
6608537
6608555
6608859
6609014
6609021
6609026
6609102
6609533
6609539
6609703
6610112
6610490
6611183
6611322
6611570
6611696
6611787
6611825
6611954
6612037
6612394
6612397
6612409
6612496
6612538
6612560
6612585
6612638
6612750
6612896
6613013
6613188
6613234
6613395
6614451
6614888
6615456
6615465
6615540
6617513
6617825
6618530
6618890
6620092
6620585
6621836
6621970
6621974
6622774
6622818
6622837
6622870
6623970
6624101
6624436
6624445
6624466
6624471
6624478
6624492
6624505
6624514
6624523
6624533
6624645
6624663
6624707
6624728
6624743
6624780
6626205
6626211
6626218
6626223
6626269
6626280
6626587
6627286
6627362
6627588
6628399
6628406
6628490
6628604
6628707
6628946
6629168
6629252
6629608
6629610
6629654
6630465
6630554
6630932
6630936
6630948
6630978
6631269
6631273
6631276
6632698
6633487
6633881
6634008
6634231
6634244
6634274
6634305
6634317
6634450
6634473
6634475
6635123
6635685
6635704
6636326
6636330
6636540
6636850
6637112
6637171
6637296
6637313
6637316
6637614
6637635
6638060
6638159
6638167
6638173
6638850
6638851
6638853
6639017
6639763
6640558
6640680
6640690
6640913
6641383
6641422
6641659
6641997
6642232
6642243
6642278
6642617
6644032
6645408
6645463
6645618
6645627
6645652
6645665
6645749
6645766
6645796
6646044
6646196
6646315
6646753
6647655
6649222
6649564
6649712
6649784
6649789
6649796
6650092
6650313
6650905
6651209
6651322
6651626
6652065
6652930
6653070
6653426
6653599
6654366
6654369
6654375
6654645
6654648
6654863
6654997
6656048
6657532
6657615
6658370
6658377
6658385
6658394
6658396
6658554
6660017
6660445
6661267
6661272
6661473
6661631
6661634
6661904
6661920
6662210
6662217
6662222
6662230
6662237
6662482
6663242
6663305
6664229
6664343
6664360
6665042
6665198
6666693
6666732
6667003
6667104
6667137
6667374
6667539
6667880
6668070
6668359
6668416
6668448
6668464
6668485
6668499
6668510
6668699
6668758
6670573
6670746
6671452
6671510
6671519
6671855
6674040
6674627
6674957
6674964
6674990
6675007
6675014
6675022
6675267
6675632
6676295
6676310
6676312
6676325
6676329
6676349
6676710
6676753
6677543
6677568
6677583
6677623
6677675
6678175
6679294
6679309
6679314
6679329
6679347
6679450
6679696
6679870
6680005
6680282
6680340
6680389
6680435
6680463
6680561
6680828
6680831
6680853
6680856
6680867
6681456
6681741
6681964
6683401
6683947
6684123
6684132
6684484
6684488
6684660
6684693
